32 13 3 18 16 | 27 | 48 16 33 18 1 6 | 10 12 33 43 1 7 | 25 27 16 33 31 9 | 49 31 30 28 40 34 5 | 9 22 | 22 31 30 35 34 1 7 | 50 35 | 26 23 6 | 25 22 30 5 4 6 | 32 8 43 34 | 11 24 48 42 29 5 | 20 14 19 32 43 41 8 | 11 18 34 | 24 | 39 30
33 38 49 34 | 12 27 43 | 47 3 2 | 10 26 48 44 41 9 | 46 42 50 | 18 39 15 25 | 45 34 43 21 36 | 31 30 5 3
26 15 19 40 35 7 8 | 26 28 7 41 | 15 44 28 50 7 8 | 16 7 34 | 38 | 46 25 49 | 11 18 31 21 41 | 49 6 | 13 12 45 37 3 30 | 24 12 37 21 7 | 38 | 11 25 17 37 6 9
39 12 21 | 29 43 | 33 23 41 | 40 | 3 45 17 | 11 27 15 30 28 9 | 1 47 3 39 | 28 7 | 5 43 49 | 18 40 7 | 10 12 30 41 | 3 27 40 | 4 | 13 | 33 5 20 35
3 5 43 17 | 10 48 17 36 1 2 | 15 29 | 13 14 | 25 26 2 22 41 | 13 18 31 41 9 34 | 24 19 33 31 36 1 46 | 31 12 6 | 16 | 1 28 | 9 25 12 50 6 | 10 12 15 17 6 | 11 42 | 16 | 10 38 20 44 6 31 | 7 17 23 | 18 31 21 25 36 | 37 18 42 8 16 | 20 | 28 34
1 20 40 16 | 1 11 3 5 50 | 26 36 17 | 19 18 | 31 43 | 14 42 43 40 34 7 | 46 8 27 | 16 18 45 37 50 41 2 | 26 20 17 16 31 30 | 1 32 42 36 37 | 19 28 35 46 7 8
26 21 16 44 1 4 | 8 17 | 39 43 14 | 26 28 | 18 8 28 47 32 | 26 38 18 45 42 50 36 | 34 | 47 40 34
25 28 | 47 45 37 41 2 9 | 4 | 8 14 | 21 | 48 | 11 33 5 | 25 26 27 48 50 43 | 45 16 | 11 10 42 15 29 | 11 15
32 28 29 21 | 25 26 22 10 23 36 | 24 33 27 20 17 | 9 33 3 35 25 | 39 46 32 36 43 41 | 1 | 13 | 25 12 | 24 8 50 17 34 | 1 3 38 40 7 | 32 45 28 6 | 46 19 43 | 39 2 16 | 30 41 | 26 27 | 1 10 45 48 16 | 26 38 23 45 35 5 | 7 | 22
43 36 | 20 35 | 11 26 44 30 5 7 | 3 | 1 23 | 19 20 5 42 47 | 27 14 16 42 2 5 | 34 | 35 | 22 | 24 30 5 36 | 26 21 47 42 41 28 | 50 40 36 | 46 11 | 24 47 44 45 40 18 | 28 45 42 | 9 30 5 4 50
25 | 26 35 | 15 48 45 50 40 4 7 | 15 | 30 | 39 20 17 37 6 9 8 | 1 18 | 14 | 15 37 4 7 | 28 14 | 8 26 40 | 11 25 21 16 30 29 9
18 13 2 | 25 33 30 36 34 19 5 | 8 | 19 32 26 2 | 24 25 39 40 3 5 | 31 30 39 | 10 45 40 7
46 19 4 | 38 21 | 47 12 5 50 6 | 31 | 26 14 47 45 32 8 | 24 12 43
24 12 | 10 28 48 35 16 | 15 44 28 | 26 12 20 33 29 4 15 | 11 | 8 26 50 | 24 23 33 18 36 35 1 | 44 37 49 | 6 26 2 5 30 | 10 3 49 | 11 1 31 5 17 | 27 21 17 1 3 4 | 9 4 49 | 6 | 28 50 29 | 26 17 22 23 33 6 | 4 39 43 7 3 | 11 10 39 42 50 7 | 39 14 47 30 1 5
5 30 15 7 23 | 32 50 | 3 | 25 15 14 10 40 21 | 47 29 | 24 49 19 44 42 7 9 | 13 48 16 18 45 41 | 50 | 33 38 49 36 6 | 18 12 43 | 8 28 22 | 24 47 15 29
10 35 49 | 44 34 | 8 27 43 25 49 | 25 44 17 16 | 19
16 15 29 41 | 19 11 45 50 23 | 27 31 45 10 41 | 9 18 39 28 36 | 1 11 13 36 | 44 50 48 | 13 22 43 29 2 8 | 32 | 45 20 14 41 | 26 | 32 39 8 10 49 | 11 4 40 | 42 | 31 13 39 22 4 | 24 39 15 22 23 18 40 | 39 27 17
33 25 36 | 40 | 3 16 14 43 | 38 | 25 21 31 41 1 3 5 | 24 22 16 28 9 8
25 26 6 4 41 | 9 25 4 6 | 28 41 5 4 50 | 24 47 12 34 | 33 | 19 7
25 12 45 20 27 | 24 19 | 23 17 48 22 34 | 14 37 50 35 43 36 8 | 13 38 49 33 18 40 | 12 48 49 33 18 31 28 | 21 14
10 22 16 33 42 19 | 12 14 48 31 4 7 | 29 | 13 20 47 36 35 2 | 26 37 | 12 22 46 32 29 40 | 1 44 2 5 38 | 1 12 36 14 41 | 18 12 34 | 24 27 40 41 1 7 | 25 21 41 | 24 19 27 6 | 35 | 44 | 10 14 49 18 4 32 | 12 15 19 32 45 42 9 | 33 8 45 5 32 | 30
1 10 13 40 | 33 45 42 29 30 | 11 44 45 42 1 5 | 11 12 48 49 19 42 6 | 20 33 45 28 50 4 | 33 32 13 38 16 | 18 14 | 27 21 22 40 3 38
32 | 43 40 | 33 37 43 49 | 18 17 | 47 36 4 | 19 5 48 | 19 36 | 46 32 44 13 | 4 | 45 15 | 24 25 48 23 36 8 | 50 18 30 14 49 | 33 18 27 32 | 11 48 33 45 28 34
21 37 36 35 34 6 14 | 32 | 24 26 4 | 25 12 21 48 32 30 35 | 32 39 29 35 | 24
27 37 34 | 46 | 11 10 13 21 31 41 7 | 12 | 33 8 41 4 10 | 20 39 37 17 34 | 2 15 35 49 | 32 44 20 36 | 2 14 21 | 11 46 45 21 18 | 1 21 40 41 | 11 9 45 42 30 | 11 10 | 11 10 39 14 32 34 47 | 19 47 35 33 40 18 | 8 13 36 22 | 27 14 40 3 2 6 21
9 50 | 26 2 14 | 47 35 | 13 3 | 33 | 1 13 34 37 6 | 26 38 37 30 42 9 | 11 10 39 26 29 2 6 | 31 15 43 | 27 21 14 50 | 6 30 23 | 24 47 27 42 14 | 25 21 22 34 5 41 | 26 14 23 44 45 28 41 | 38 28 4 22 | 32 13 48 10
14 49 33 31 43 40 | 11 19 50 36 7 9 41 | 26 7 35 | 46 25 47 | 1 | 44 48 7 | 38 17 23 47 42 41 5 | 10 45 42 7 35 | 33 47 | 11 38 14 48 36 3 7 | 5 | 25 39 21 19 36 14 | 10 12 46 32 50 40 | 19 26 | 33 44 38 21 | 25 27 22 30 29 50 6
12 45 | 19 28 | 20 17 47 35 1 40 | 13 48 | 33 5 | 24 12 23 46 44 45 9 | 33 30 14 | 10 26 38 46 47 3 | 21 49 19 30 37 2 | 11 38 20 47 29 36 | 22 | 25 26 14 16 50 34 | 33 | 2 34 | 9 39 17 | 13 23 49 | 1 8 26 48 17
9 26 2 37 38 | 8 36 4 | 30 22 | 28 10 20 36 14 | 30 34 42 17 49 | 11 26 15 49 18 34 | 18 31 20 48 | 24 18 4 | 25 48 17 33 47 50 1 | 32 36 7 34 | 46 47 | 24 43 22 | 8 31 44 4 | 26 17 19 31 30 37 2 | 28 | 34 | 2 | 48 16 | 28 49
31 | 1 47 27 20 43 | 20 | 8 43 17 | 44 2 | 45 15 7 | 11 31 30 15 3 | 11 47 27 29 38 | 10 13 47 42 50 6 9 | 42 28 14 | 11 10 27 33 29 3 4 | 3 2 21 40 | 8 26 29 49 | 24 38 22 23 32 49 | 19 18 13 9 47 | 15 31 36 50 1 41 | 10 38 42 21 | 38 16 18 36 35 1 2 | 44 23 41
19 11 | 19 21 23 | 31 39 29
11 5 50 7 | 13 38 15 31 29 34 | 47 17 | 13 15 6 | 8 38 | 31 | 10 26 19 45 37 4 | 27 33 18 28 35 41 | 11 10 30 46
10 20 19 47 44 3 | 22 16 | 11 39 22 18 37 35 8 | 24 33 20 22 48 | 36 50 | 47 12 37 16 | 1 25 45 42 6 | 39 45 41 | 16 | 43 16 6 36 14 | 10 | 34 12 44 48 38 | 10 23 31 36 29 9 | 50 41 17 35 34 | 21 40 16 | 18 27 21 29 34
20 16 | 2 30 49 37 41 | 30 40 | 28 45 20 49 | 33 13 27 26 35 | 7 | 13 12 19 50 27 4 9 | 40 | 44 | 42 | 3 44 | 25 12 14 17 10 42 | 14 48 41 3 7 6 | 10 31 37 | 25 43 6 | 39 17 47 42 26 32 13 | 42 40
14 50 29 41 | 24 38 14 16 28 7 | 20 19 45 28 40 2 5 | 11 13 21 3 5 8 | 31 | 15 31 45 37 36 34 4 | 33 26 50 17 | 19 9 13 20 | 1 8 44 21 14 | 18 | 9 45 37 29 | 9 25 3 28 50 | 5 | 33 31
25 32 18 49 | 24 39 38 | 26 40 | 24 23 32 16 28 50 | 9 21 40 | 11 43 | 36 | 10 13 49 19 44 42 34
2 | 25 27 46 32 33 6 | 44 5 6 | 18 27 20 50 30 | 12 15 35 | 38 19 32 44 35 7 6 | 33 18 45 22 8 | 26 16 | 46 34 7 23 | 37 | 32 26 38 28 41 | 36 | 9 14 29 | 19 47 13 27 6 | 12 22 16 31 49 50 | 31 14 17 41 | 31
1 21 | 47 39 37 21 | 31 26 36 41 | 20 | 47 27 38 16 | 14 | 19 3 45 40 | 9 | 33 25 14 | 1 19 13 38 3 | 10 31 43 41 | 25 48 32 40 3 5 7 | 13 45 42 | 32 27 | 11 26 50 22 | 19 | 14
47 31 20 36 22 | 18 26 22 | 25 31 47 32 | 47 21 23 | 12 19 45 29 1 30 | 47 15 48 35 21 | 20 32 47 4 29 | 42 | 11 22 42 35 34 3 8 | 33 3 26 48 36 | 13 39 | 37 7 34 | 46 23 | 8 6 | 11 14 48 41 | 19 1 3 16 | 9 37 22 | 11 45 2 20 21 | 36 4
17 16 44 45 28 4 | 18 20 8 14 10 | 10 13 15 19 2 9 | 31 16 20 48 34 | 24 40 | 23 | 33 19 | 47 27 28 | 38 46 32 44 40 2 7 | 38 4 | 47 13 20 34 | 26 27 19 32 31 43 | 47 21 22 49 | 24 12 14 23 33 47 31 | 29 48 | 18 39 43 17 34 | 27 | 10 31 | 46 35 34 | 31 27 50 22 21