79,-11,13,-1,-94,-55,79,82,76,-29,95,-75,-62,-53,-55
44,34,59,-19,-25,-50,-20,35,-42,80,8,-31,-43,-93,32,58,-58
-83,42,23,-41,24,-57,71,85,-22,-93,75,28,-89,-13,-29,-73
42,90,17,-46,21,59,-21,-35,-10,72,95,2,15,-32,-87,-9,95
-100,59,49,86,51,-31,-47,-37,50,-26
-75,73,18,-87,93,87,48,31,10,23,-98,-53,52,-14,34,-4,-80,79,-25,79
60,-95,-64,-52,40,4
9,-24,47,70,2,-42,26,-98,-47,-17,90,-90,-43
62,-67,-68,-45,-80,68,-72,52,-43,-62,63,42,-89
-44,-54,-37,58,-49,-25,76,92,-51,4,-28,-40,-48,-39,29,25,54,-15,-85
-69,2,93,82,43,-26,-29,-88,-29,-61,-39,63,-27,-87,-9,-13,51,-26,-27,-42
-26,-84,-15,-53,-21,16,-49,64,43,19,-4,41,57,98,-62,31,81,42
68,-10,86,-86,-88,19,64,-61,53,30,-75,35,66,0,-40,2,47,33,13,-37
-56,24,15,-38,-44,-65,-33,31,26,-2,86
10,32,20,20,76,-68,-85,83,-11,-5,-37,-3,-58,60,8,53,62
30,86,-79,-89,35,-76,91,81,41,18,21,-36,53,68,10,-59,32,62,-47
-48,66,-70,-81,-36,85,-28,-28,-22,75
-5,40,79,95,15
-38,-85,9,67,-42,-15,2,51,27,-65,-84,57,97,100,22,37,37
13,-43,-56,-35,68,-16,-84,-75,75,-13,35,-27,-73