33.646 51.198 33.933 -69.240 -68.885 -42.804 85.485 93.719 64.671 25.046 92.562 -63.142 -65.209
71.999 -75.199 -83.887 43.493 85.311 -44.950 10.043 90.751 71.689 -71.896
-22.933 36.847 -93.110 -82.045 -62.019 62.613 33.606 -55.475 -67.176 -77.236 -87.885 32.425
-91.313 70.928 63.899 82.673 -86.788 -73.553 -15.061 -56.486 -1.832 6.508 -34.719 -37.903 90.525 37.292 -6.350 7.263 -71.578 -31.635
93.979 100.675 -18.789 -70.355 -70.027 19.405 -72.356 75.682 56.663 -58.453 15.034 -90.989 6.042 41.369 49.746
-64.364 61.183 50.070 75.224 52.144 -48.430 16.670 -31.477 98.887 -26.154 -43.791
-21.296 78.824 -5.961 -49.271 10.961 -23.737 -64.573 -35.234 3.123 30.653 -58.321 -91.351 -7.141 -70.677 51.056 76.074 -55.010 77.199 -73.725 44.222
5.967 15.838 -60.170 12.242 -22.356 -37.216 -89.826 60.033 25.856 18.639 25.137 52.525 3.203 53.697
-73.437 -15.469 36.765 57.390 -12.112 57.877 -83.429 -60.223 21.255 17.864 -25.507 44.983
-71.303 21.782 -25.562 -72.927 -82.841 -30.590 22.966 75.563 43.026 91.841 61.180 16.229 -60.884 91.096 -67.373 36.584
-35.621 30.206 -94.825 53.519 -85.835 86.405 73.543 -41.654 18.397 -10.065 -37.254 61.322 -86.269 -79.672 87.694 -82.759
-42.035 14.826 -32.187 9.561 -26.899 17.329 58.657 -49.178 -82.432 75.051 9.274 -50.272 93.868 -25.479 13.511
-91.652 83.307 -38.115 5.546 -99.644 64.671 -99.375 -26.588 -74.354 75.575 89.972 16.819 88.822 -57.229 -22.512 63.688 -96.896 80.093 67.695 -21.266
57.953 47.132 -43.306 85.608 -100.644 35.750 7.714 31.589 -25.337 83.768
-45.890 62.542 11.221 70.909 78.867 19.200 -17.481 33.625 60.732 18.737 -43.663 61.272 24.238 65.031
1.894 35.887 -91.559 75.367 81.762 -34.978 99.801 -46.543 -22.742 38.041
-35.682 -56.348 -67.529 -91.534 20.696 34.425 -95.709 -83.618 -40.187 -10.409 26.281 -10.058 7.305 13.732 -14.018 95.824
54.461 53.367 67.544 51.309 19.096 96.713 45.508 -80.765 -74.627 2.861 -1.909 -97.483 -70.760 -90.960
19.213 -19.655 -54.553 77.992 69.956 -22.810 16.199 6.077 71.045 75.893
88.879 60.948 43.660 85.335 69.117 0.749 10.030 37.031 20.667 -55.513 61.076