5023 -5042 5023 3015
-831 5665 -2319 -8446
-4558 3194 -4558 3194
2507 -9338 -6467 6364
-9685 -8541 -6108 -8541
-3084 -2182 9286 -3686
4053 -519 9171 -519
558 89 -8542 -1615
-8822 -9746 2804 -4342
-4789 -2801 -4789 -2801
-217 6724 3713 6724
-2334 351 -9265 -7791
-2595 -2290 -2595 -4332
9265 -1801 7961 -5492
-2038 6088 -2038 6088
-8147 -7401 -8147 2503
7474 -6387 6464 -4917
6477 -479 6477 -479
8568 -4008 338 4394
8833 -1707 -794 -1707
147 9526 324 9526
2063 -5667 2063 -5667
-5660 340 -5660 -590
-2830 -6099 7157 -6099
-1114 3758 -9325 -4893
5927 1413 5025 2014
8222 8384 975 8384
-1005 -9160 8824 -9160
3093 7509 2606 5849
-2857 2185 -2857 9369
-5460 -8491 2083 2830
8435 -2396 -1817 -378
9958 692 9958 692
9268 4518 9268 8076
3514 -8402 3514 -8402
2743 -9755 2743 -5571
448 6865 5276 -7626
-9985 8337 -4035 8337
2912 3043 2912 -1921
1193 1329 5622 804